-----------------------------------------------------------------------------------------------------------------

Best parameters = [7, 15, 1.0000000000000003e-05] and best architecture = [3, 394, 1.25] for iteration 6  with MSE : 46.0524 and error : 735.23

-----------------------------------------------------------------------------------------------------------------


###########################################################################################
#                                       FINAL REPORT                                      #
###########################################################################################

MSE changes            : [57.8336, 50.515, 46.8775, 46.8775, 46.0524, 46.0524, 46.0524, 46.0524, 46.0524, 46.0524, 46.0524, 46.0524, 46.0524, 46.0524]
Error changes          : [823.92, 770.03, 741.79, 741.79, 735.23, 735.23, 735.23, 735.23, 735.23, 735.23, 735.23, 735.23, 735.23, 735.23]
Epoch changes          : [6, 6, 8, 8, 7, 7, 7, 7, 7, 7, 7, 7, 7, 7]
Batch Size changes     : [40, 40, 30, 30, 15, 15, 15, 15, 15, 15, 15, 15, 15, 15]
Sigma changes          : [5e-06, 5e-06, 5.000000000000001e-07, 5.000000000000001e-07, 1.0000000000000003e-05, 1.0000000000000003e-05, 1.0000000000000003e-05, 1.0000000000000003e-05, 1.0000000000000003e-05, 1.0000000000000003e-05, 1.0000000000000003e-05, 1.0000000000000003e-05, 1.0000000000000003e-05, 1.0000000000000003e-05]
Layers changes         : [1, 3, 3, 3, 3, 3, 3, 3, 3, 3, 3, 3, 3, 3]
Initial Neuron changes : [10, 394, 394, 394, 394, 394, 394, 394, 394, 394, 394, 394, 394, 394]
Node Decay changes     : [1, 1.25, 1.25, 1.25, 1.25, 1.25, 1.25, 1.25, 1.25, 1.25, 1.25, 1.25, 1.25, 1.25]

